30
15 9 61 12 37 13 53 15 47 21 72 26 9 27 88 27 70 35 63 36 81 36 63 40 14 42 38 43 56 49 60 
14 6 69 8 75 11 66 17 31 19 84 19 47 21 2 22 81 23 27 29 64 34 33 37 51 42 77 43 32 
17 5 34 7 51 13 8 14 79 14 7 17 9 24 69 25 85 27 34 29 12 32 45 34 20 34 43 36 61 45 27 45 19 46 20 
24 1 41 1 70 2 82 2 68 6 88 15 12 17 22 17 66 19 10 20 68 26 58 28 17 30 78 34 4 36 7 36 6 39 77 39 84 41 60 42 75 44 29 44 22 45 3 47 90 
5 8 41 15 40 18 7 19 84 20 69 
27 0 29 0 6 1 48 1 85 5 62 6 9 9 26 14 90 14 38 14 76 15 44 21 69 24 39 27 4 28 52 29 79 32 10 34 57 36 65 37 44 37 44 38 54 41 39 41 87 43 71 43 35 46 59 
20 4 3 5 43 17 45 17 8 19 58 19 46 20 5 22 39 24 42 25 63 33 49 36 60 38 4 39 77 40 69 40 41 43 23 44 72 46 11 49 16 
3 11 6 28 31 30 27 
6 8 39 15 15 16 88 22 43 26 15 32 1 
8 0 82 2 11 18 44 21 75 23 71 29 4 31 80 49 12 
31 6 67 7 52 9 74 9 13 9 32 10 26 12 90 13 50 16 82 18 75 18 20 22 62 23 21 26 18 26 66 29 79 34 48 34 81 36 85 36 59 37 1 37 35 40 23 40 60 40 27 42 62 42 61 45 75 45 53 46 73 48 63 
22 4 34 5 27 9 61 13 56 19 11 19 23 22 90 24 35 25 14 29 86 31 42 32 68 35 75 36 74 40 32 40 75 40 7 42 70 44 5 48 53 48 53 49 57 
16 3 9 3 31 8 25 8 38 8 67 18 9 21 70 22 51 28 67 33 49 33 18 36 30 39 11 42 74 48 14 48 34 
19 0 69 2 17 3 63 4 45 7 28 10 80 10 74 14 90 21 63 25 49 25 34 27 21 28 72 29 18 36 19 36 80 38 42 42 6 46 15 
21 0 84 4 85 14 70 15 11 17 13 21 21 27 52 27 70 29 87 29 3 35 72 35 73 38 31 38 28 39 64 42 42 42 22 43 40 45 61 49 16 49 27 
29 0 38 1 3 2 47 5 25 7 26 7 33 8 51 12 73 14 70 16 51 18 80 20 10 24 45 26 66 26 12 27 51 28 34 29 28 30 89 31 89 34 47 36 71 40 35 40 57 43 28 44 7 46 71 46 20 47 18 
17 7 1 7 20 8 69 9 89 14 66 17 49 18 85 21 84 23 38 23 2 28 64 29 19 33 71 33 80 37 8 39 50 45 60 
15 7 72 7 8 12 62 15 82 21 2 22 18 23 81 24 55 31 81 32 9 40 36 41 32 42 17 44 47 47 53 
23 4 78 4 41 7 57 7 71 9 19 11 66 12 34 12 40 18 75 20 22 21 6 26 75 27 62 29 16 30 66 33 55 35 50 36 29 38 4 39 9 44 46 46 53 49 3 
24 3 38 10 82 12 74 13 84 14 44 17 39 17 76 19 62 24 21 24 19 25 8 26 37 27 84 29 66 30 41 32 9 35 1 36 25 38 42 43 52 43 4 43 76 44 50 46 4 
26 0 47 1 80 3 82 5 51 5 15 6 23 10 78 11 55 13 11 15 4 17 33 18 89 18 11 20 84 20 18 26 61 27 31 31 74 32 45 35 50 36 73 39 88 42 15 45 13 46 16 49 73 
6 4 20 28 33 36 73 40 4 43 72 48 89 
15 1 74 3 24 4 48 7 70 15 49 18 27 19 8 21 31 21 85 22 79 22 25 24 29 26 82 35 7 47 79 
7 2 35 6 50 9 40 10 61 16 59 21 60 39 64 
13 14 31 17 50 22 81 23 35 25 31 26 22 31 34 31 88 32 45 37 12 38 32 39 4 47 51 
25 1 78 4 50 4 88 6 43 7 63 8 52 12 67 15 44 15 41 22 43 25 82 26 26 31 17 31 66 32 71 32 31 33 4 34 25 37 77 42 77 45 41 46 43 47 46 47 49 49 20 
7 10 43 18 82 28 61 36 56 37 59 40 66 43 6 
12 0 82 3 10 7 81 8 49 19 10 21 69 22 49 26 11 27 24 33 88 37 61 47 67 
21 2 69 2 84 4 89 5 28 7 56 16 23 16 25 17 26 18 51 26 66 27 18 28 44 28 23 31 38 34 43 35 42 37 24 41 35 45 50 48 5 49 52 
31 0 27 1 71 2 42 4 1 4 73 6 26 7 32 9 60 11 68 12 42 12 54 13 32 14 3 15 51 16 57 17 79 21 88 22 55 22 40 23 53 28 45 30 75 32 16 35 40 37 62 37 3 37 69 40 60 41 47 41 21 49 57 
