462.382263	52785.261719
570.882690	38237.777344
595.993042	32259.349609
958.234375	88585.062500
706.160034	2866.639893
595.327881	135278.875000
561.510010	54526.726562
120.222229	186.888870
805.250000	4692.583496
1006.484375	10626.250000
581.379761	198426.140625
652.958679	91387.140625
498.089844	30962.431641
675.928040	71253.398438
714.870667	72702.382812
591.619568	151460.171875
860.560547	63838.968750
759.822266	31250.917969
593.466858	76363.617188
737.270813	80221.757812
805.148010	109207.421875
970.916687	3527.888672
738.959961	34811.976562
110.204086	8507.388672
532.366821	21633.773438
475.862396	114240.828125
489.632660	12807.918945
799.909729	20357.853516
453.197266	52210.992188
505.159241	175419.187500
